{"source": "Virtual Macaque Brain, Zenodo 7011292", "species": "Macaca mulatta", "N": 82, "nodes": ["0", "1", "2", "3", "4", "5", "6", "7", "8", "9", "10", "11", "12", "13", "14", "15", "16", "17", "18", "19", "20", "21", "22", "23", "24", "25", "26", "27", "28", "29", "30", "31", "32", "33", "34", "35", "36", "37", "38", "39", "40", "41", "42", "43", "44", "45", "46", "47", "48", "49", "50", "51", "52", "53", "54", "55", "56", "57", "58", "59", "60", "61", "62", "63", "64", "65", "66", "67", "68", "69", "70", "71", "72", "73", "74", "75", "76", "77", "78", "79", "80", "81"], "n_types": {"0": "unknown", "1": "temporal polar cortex", "2": "superior temporal cortex", "3": "amygdala", "4": "orbitoinferior prefrontal cortex", "5": "anterior insula", "6": "orbitomedial prefrontal cortex", "7": "central temporal cortex", "8": "orbitolateral prefrontal cortex", "9": "inferior temporal cortex", "10": "parahippocampal cortex", "11": "gustatory cortex", "12": "ventrolateral premotor cortex", "13": "\"anterior visual area, ventral part\"", "14": "posterior insula", "15": "prefrontal polar cortex", "16": "hippocampus", "17": "subgenual cingulate cortex", "18": "ventrolateral prefrontal cortex", "19": "visual area 2 (secondary visual cortex)", "20": "medial prefrontal cortex", "21": "ventral temporal cortex", "22": "\"anterior visual area, dorsal part\"", "23": "visual area 1 (primary visual cortex)", "24": "centrolateral prefrontal cortex", "25": "secondary auditory cortex", "26": "retrosplenial cingulate cortex", "27": "posterior cingulate cortex", "28": "anterior cingulate cortex", "29": "secondary somatosensory cortex", "30": "primary somatosensory cortex", "31": "primary auditory cortex", "32": "primary motor cortex", "33": "inferior parietal cortex", "34": "medial parietal cortex", "35": "dorsomedial prefrontal cortex", "36": "intraparietal cortex", "37": "superior parietal cortex", "38": "frontal eye field", "39": "dorsolateral prefrontal cortex", "40": "medial premotor cortex", "41": "dorsolateral premotor cortex", "42": "unknown", "43": "unknown", "44": "unknown", "45": "unknown", "46": "unknown", "47": "unknown", "48": "unknown", "49": "unknown", "50": "unknown", "51": "unknown", "52": "unknown", "53": "unknown", "54": "unknown", "55": "unknown", "56": "unknown", "57": "unknown", "58": "unknown", "59": "unknown", "60": "unknown", "61": "unknown", "62": "unknown", "63": "unknown", "64": "unknown", "65": "unknown", "66": "unknown", "67": "unknown", "68": "unknown", "69": "unknown", "70": "unknown", "71": "unknown", "72": "unknown", "73": "unknown", "74": "unknown", "75": "unknown", "76": "unknown", "77": "unknown", "78": "unknown", "79": "unknown", "80": "unknown", "81": "unknown"}, "edges_chem": [[0, 1, 0.064622193], [0, 2, 0.17726675], [0, 3, 0.057918082], [0, 4, 0.096631043], [0, 5, 0.040252346], [0, 6, 0.061706627], [0, 7, 0.0093851118], [0, 8, 0.076272391], [0, 9, 0.040906211], [0, 11, 0.003742609], [0, 12, 0.015588398], [0, 13, 0.013763688], [0, 14, 0.019748664], [0, 15, 0.15751407], [0, 16, 0.0055117104], [0, 17, 0.0041301409], [0, 18, 0.01396319], [0, 19, 0.014627309], [0, 20, 0.032222645], [0, 21, 0.0057638793], [0, 22, 0.015733392], [0, 23, 0.0081743851], [0, 24, 0.0081188417], [0, 26, 0.0010100507], [0, 27, 0.0009614359], [0, 30, 0.0092596767], [0, 32, 0.0011417404], [0, 33, 0.0013545526], [0, 34, 0.0042139991], [0, 35, 0.00099831739], [0, 36, 0.0010650587], [0, 37, 0.0008922986], [0, 38, 0.002078777], [0, 41, 0.0014183436], [0, 42, 0.000848969], [0, 44, 0.0040172468], [0, 46, 0.0030933491], [0, 47, 0.003036039], [0, 50, 0.002648979], [0, 54, 0.00031989724], [0, 55, 0.00078122296], [0, 60, 0.0019196987], [0, 61, 0.0014146716], [1, 0, 0.064622193], [1, 2, 0.012339289], [1, 3, 0.013653513], [1, 4, 0.071447969], [1, 5, 0.0054891275], [1, 6, 0.20339606], [1, 7, 0.0075978465], [1, 8, 0.0070670172], [1, 9, 0.0037773097], [1, 11, 0.016154412], [1, 12, 0.0085631482], [1, 13, 0.18950015], [1, 14, 0.0095467333], [1, 16, 0.0018448482], [1, 17, 0.011947111], [1, 18, 0.013537529], [1, 19, 0.0070592378], [1, 20, 0.0070357492], [1, 21, 0.056566558], [1, 22, 0.010148351], [1, 23, 0.006948647], [1, 24, 0.28512854], [1, 25, 0.003644677], [1, 26, 0.015763593], [1, 27, 0.0029341092], [1, 28, 0.062104515], [1, 30, 0.28339984], [1, 32, 0.096617106], [1, 33, 0.025936823], [1, 35, 0.04585098], [1, 36, 0.017860903], [1, 37, 0.0039729376], [1, 38, 0.0036434626], [1, 39, 0.0052809645], [1, 40, 0.0059546554], [1, 41, 0.00023893183], [1, 42, 0.0086186282], [1, 47, 0.0055728941], [1, 54, 0.001893398], [1, 61, 0.00018485185], [1, 62, 0.0039259357], [1, 65, 0.0031646914], [1, 67, 0.0039678888], [1, 71, 0.0019038132], [1, 73, 0.0065643268], [1, 74, 0.004784278], [1, 76, 0.0048075902], [1, 77, 0.0033339272], [2, 0, 0.17726675], [2, 1, 0.012339289], [2, 3, 0.13070771], [2, 4, 0.0043022986], [2, 5, 0.036567494], [2, 6, 0.097436639], [2, 7, 0.0032367178], [2, 8, 0.011643311], [2, 9, 0.093698326], [2, 10, 0.0015466457], [2, 12, 0.02722571], [2, 13, 0.0038457144], [2, 14, 0.016011041], [2, 15, 0.18734331], [2, 16, 0.010484374], [2, 17, 0.001513651], [2, 18, 0.039586165], [2, 19, 0.020068453], [2, 20, 0.036567519], [2, 21, 0.013010287], [2, 22, 0.042756422], [2, 23, 0.0072136558], [2, 27, 0.001338424], [2, 32, 0.0027011124], [2, 38, 0.002672937], [3, 0, 0.057918082], [3, 1, 0.013653513], [3, 2, 0.13070771], [3, 4, 0.19791792], [3, 5, 0.14717715], [3, 6, 0.030195261], [3, 7, 0.14167362], [3, 8, 0.001663641], [3, 9, 0.028300127], [3, 10, 0.04152943], [3, 11, 0.0071907226], [3, 13, 0.0086145748], [3, 14, 0.10732289], [3, 15, 0.032523716], [3, 16, 0.027238927], [3, 17, 0.013574553], [3, 19, 0.043231457], [3, 20, 0.0078040787], [3, 23, 0.092208012], [3, 24, 0.0065738286], [3, 26, 0.0041391084], [3, 27, 0.0020746894], [3, 28, 0.0071018271], [3, 29, 0.0015503016], [3, 30, 0.0067293046], [3, 31, 0.0014964264], [3, 32, 0.003775647], [3, 33, 0.0072842055], [3, 34, 0.010922985], [3, 35, 0.0054310779], [3, 36, 0.0051841569], [3, 38, 0.0029518878], [3, 40, 0.0013448411], [3, 41, 0.0022975228], [3, 42, 0.0027146457], [3, 44, 0.013109696], [3, 46, 0.0080371127], [3, 47, 0.0082911725], [3, 50, 0.0066028014], [3, 54, 0.0013761825], [3, 55, 0.0065305059], [3, 58, 0.0015641667], [3, 60, 0.012145087], [3, 61, 0.0030974176], [3, 64, 0.0037460853], [3, 68, 0.005640782], [3, 73, 0.001317942], [3, 79, 0.0012208826], [3, 80, 0.00087719761], [3, 81, 0.00049985957], [4, 0, 0.096631043], [4, 1, 0.071447969], [4, 2, 0.0043022986], [4, 3, 0.19791792], [4, 5, 0.049459675], [4, 6, 0.048893851], [4, 7, 0.07141806], [4, 8, 0.0018150458], [4, 9, 0.0030677011], [4, 10, 0.16543945], [4, 11, 0.018131755], [4, 13, 0.0528038], [4, 14, 0.072184505], [4, 15, 0.006625542], [4, 16, 0.0050430096], [4, 17, 0.01490386], [4, 19, 0.047962095], [4, 20, 0.0028988162], [4, 23, 0.06744621], [4, 24, 0.01599199], [4, 26, 0.00093529864], [4, 27, 0.0043884597], [4, 28, 0.015058275], [4, 29, 0.0011306841], [4, 31, 0.0022117555], [4, 32, 0.0014948144], [4, 33, 0.0017047049], [4, 35, 0.0012286309], [4, 36, 0.0013992931], [4, 38, 0.0071136271], [4, 40, 0.0072480647], [4, 41, 0.00020400857], [4, 44, 0.0013705881], [4, 46, 0.0010547903], [4, 50, 0.00020995681], [4, 54, 0.0016174863], [4, 55, 0.0018743511], [4, 60, 0.0048020466], [4, 61, 0.00013996794], [4, 68, 0.0090799634], [4, 73, 0.0006286766], [5, 0, 0.040252346], [5, 1, 0.0054891275], [5, 2, 0.036567494], [5, 3, 0.14717715], [5, 4, 0.049459675], [5, 6, 0.012704602], [5, 7, 0.0092897328], [5, 8, 0.00082827034], [5, 9, 0.0098407802], [5, 10, 0.0032142186], [5, 11, 0.0010015181], [5, 13, 0.0035634047], [5, 14, 0.13221557], [5, 15, 0.0098801854], [5, 16, 0.20105012], [5, 17, 0.0015206288], [5, 19, 0.11435198], [5, 20, 0.0032624409], [5, 23, 0.0094723823], [5, 24, 0.0015520015], [5, 26, 0.00099253418], [5, 27, 0.00063508098], [5, 30, 0.0017172333], [5, 31, 0.00071482376], [5, 32, 0.0007756269], [5, 33, 0.0012691691], [5, 35, 0.0008433646], [5, 38, 0.00033327524], [5, 40, 0.00034031547], [5, 41, 0.0012158527], [5, 44, 0.0071761514], [5, 46, 0.019934615], [5, 50, 0.001694264], [5, 54, 0.00067393853], [5, 55, 0.010250486], [5, 58, 0.00047347175], [5, 60, 0.025064917], [5, 61, 0.0006741404], [5, 64, 0.0030183122], [5, 68, 0.0047306157], [5, 79, 0.0002093122], [5, 80, 0.00018835715], [5, 81, 0.00010528994], [6, 0, 0.061706627], [6, 1, 0.20339606], [6, 2, 0.097436639], [6, 3, 0.030195261], [6, 4, 0.048893851], [6, 5, 0.012704602], [6, 7, 0.01015146], [6, 8, 0.18115942], [6, 9, 0.037137556], [6, 11, 0.004629845], [6, 12, 0.17156606], [6, 13, 0.08496289], [6, 14, 0.022762142], [6, 15, 0.15319127], [6, 16, 0.0048667631], [6, 17, 0.0056048516], [6, 18, 0.05499156], [6, 19, 0.022559814], [6, 20, 0.13226685], [6, 21, 0.10439746], [6, 22, 0.055974478], [6, 23, 0.014859167], [6, 24, 0.081394055], [6, 25, 0.0067883965], [6, 26, 0.006761663], [6, 27, 0.0032247232], [6, 28, 0.015429826], [6, 30, 0.072736271], [6, 32, 0.01197002], [6, 33, 0.01115043], [6, 35, 0.0087660843], [6, 36, 0.0054357598], [6, 37, 0.001577064], [6, 38, 0.0058272098], [6, 41, 0.00080136509], [6, 42, 0.0031521792], [6, 47, 0.0051728162], [6, 54, 0.001025104], [6, 61, 0.00124366], [6, 62, 0.0036436169], [6, 65, 0.0014107892], [6, 67, 0.0029741649], [6, 71, 0.00099562604], [6, 73, 0.0038496981], [6, 74, 0.0024720608], [6, 76, 0.0021702885], [6, 77, 0.0011156412], [7, 0, 0.0093851118], [7, 1, 0.0075978465], [7, 2, 0.0032367178], [7, 3, 0.14167362], [7, 4, 0.07141806], [7, 5, 0.0092897328], [7, 6, 0.01015146], [7, 8, 0.00037412936], [7, 9, 0.0020610087], [7, 10, 0.074606798], [7, 11, 0.059526577], [7, 12, 0.00087720453], [7, 13, 0.012487147], [7, 14, 0.048520774], [7, 16, 0.011982917], [7, 17, 0.1654523], [7, 18, 0.0019890764], [7, 19, 0.059827503], [7, 20, 0.00098210659], [7, 21, 0.0028067964], [7, 23, 0.19546719], [7, 24, 0.0056156179], [7, 26, 0.0010597642], [7, 27, 0.0087140168], [7, 30, 0.0052224081], [7, 32, 0.00095484655], [7, 33, 0.0011526315], [7, 35, 0.00061660416], [7, 36, 0.0008227831], [7, 37, 0.0020602484], [7, 38, 0.018654797], [7, 39, 0.003145522], [7, 40, 0.0028062256], [7, 58, 0.0066067786], [7, 64, 0.010180105], [7, 67, 0.0007381882], [7, 68, 0.023825012], [7, 73, 0.00047303618], [7, 74, 0.00076996549], [7, 76, 0.00051181308], [7, 77, 0.00044567132], [7, 79, 0.0062305857], [7, 80, 0.0024283159], [7, 81, 0.0011382432], [8, 0, 0.076272391], [8, 1, 0.0070670172], [8, 2, 0.011643311], [8, 3, 0.001663641], [8, 4, 0.0018150458], [8, 5, 0.00082827034], [8, 6, 0.18115942], [8, 7, 0.00037412936], [8, 9, 0.0058410385], [8, 11, 0.00018993926], [8, 12, 0.11227031], [8, 13, 0.0023222477], [8, 14, 0.0010036965], [8, 15, 0.084269449], [8, 16, 0.0001965442], [8, 17, 6.8524132e-05], [8, 18, 0.012447905], [8, 19, 0.00079835079], [8, 20, 0.078421658], [8, 21, 0.0073567306], [8, 22, 0.0071740472], [8, 23, 0.00049924194], [8, 26, 0.00011704085], [8, 27, 1.59265e-05], [8, 32, 0.00010336344], [8, 33, 6.0118104e-05], [8, 35, 7.0587146e-05], [8, 36, 3.4011433e-05], [8, 37, 2.1744502e-05], [8, 38, 6.7773896e-05], [9, 0, 0.040906211], [9, 1, 0.0037773097], [9, 2, 0.093698326], [9, 3, 0.028300127], [9, 4, 0.0030677011], [9, 5, 0.0098407802], [9, 6, 0.037137556], [9, 7, 0.0020610087], [9, 8, 0.0058410385], [9, 10, 0.0022348565], [9, 11, 0.0006697225], [9, 12, 0.055626333], [9, 13, 0.0025565777], [9, 14, 0.0078274144], [9, 15, 0.14150508], [9, 16, 0.0034655757], [9, 17, 0.0011508164], [9, 18, 0.13881158], [9, 19, 0.0096608809], [9, 20, 0.17513431], [9, 21, 0.010757022], [9, 22, 0.12270112], [9, 23, 0.0042004694], [9, 24, 0.0010384027], [9, 26, 0.018330603], [9, 27, 0.0018045587], [9, 28, 0.0017366429], [9, 30, 0.001059842], [9, 31, 0.00081288256], [9, 32, 0.0018302444], [9, 33, 0.0051723761], [9, 35, 0.0035853564], [9, 36, 0.0026453828], [9, 37, 0.00027305373], [9, 38, 0.002236581], [9, 39, 0.00066796201], [9, 40, 0.00042863451], [9, 41, 0.0016572245], [9, 44, 0.0034888287], [9, 46, 0.0027438695], [9, 50, 0.007713341], [9, 52, 0.00020960812], [9, 54, 0.0003291404], [9, 55, 0.00070338907], [9, 58, 0.00057376553], [9, 60, 0.0020211068], [9, 61, 0.00279922], [9, 67, 0.004195323], [9, 72, 0.00026916381], [9, 73, 0.0013848769], [9, 74, 0.0030215728], [9, 76, 0.001334029], [9, 77, 0.0010481505], [9, 80, 0.00020480475], [9, 81, 0.00013737502], [10, 3, 0.04152943], [10, 4, 0.16543945], [10, 5, 0.0032142186], [10, 7, 0.074606798], [10, 11, 0.32699453], [10, 13, 0.090840381], [10, 14, 0.012979855], [10, 17, 0.23202746], [10, 23, 0.039165255], [10, 28, 0.057831962], [10, 29, 0.011038191], [10, 32, 0.0067275196], [10, 38, 0.029431823], [10, 40, 0.046546239], [11, 0, 0.003742609], [11, 1, 0.016154412], [11, 2, 0.00093470218], [11, 3, 0.0071907226], [11, 4, 0.018131755], [11, 5, 0.0010015181], [11, 6, 0.004629845], [11, 7, 0.059526577], [11, 8, 0.00018993926], [11, 9, 0.0006697225], [11, 10, 0.32699453], [11, 13, 0.054244961], [11, 14, 0.0029224495], [11, 16, 0.0027129536], [11, 17, 0.15253549], [11, 18, 0.00062017844], [11, 19, 0.015864325], [11, 20, 0.00027663952], [11, 21, 0.0022385044], [11, 23, 0.022187913], [11, 24, 0.015516641], [11, 26, 0.0025639281], [11, 27, 0.039658681], [11, 28, 0.14471708], [11, 29, 0.066589398], [11, 30, 0.021580752], [11, 31, 0.095715642], [11, 32, 0.013514879], [11, 33, 0.0037080469], [11, 35, 0.0032151268], [11, 36, 0.0032240959], [11, 37, 0.12396043], [11, 38, 0.036411458], [11, 39, 0.065609729], [11, 40, 0.069654883], [11, 52, 0.017761321], [11, 58, 0.010696357], [11, 64, 0.0048342789], [11, 67, 0.003503154], [11, 73, 0.0010045052], [11, 74, 0.0026289867], [11, 76, 0.001283349], [11, 77, 0.0016681777], [11, 79, 0.0082630774], [11, 80, 0.025152714], [11, 81, 0.012588736], [12, 0, 0.015588398], [12, 1, 0.0085631482], [12, 2, 0.02722571], [12, 6, 0.17156606], [12, 7, 0.00087720453], [12, 8, 0.11227031], [12, 9, 0.055626333], [12, 11, 0.00040527886], [12, 14, 0.0028553939], [12, 17, 0.0003551757], [12, 18, 0.20709043], [12, 20, 0.1376633], [12, 21, 0.11419782], [12, 22, 0.10073987], [12, 23, 0.0014513162], [12, 26, 0.00093887073], [12, 32, 0.00063419303], [12, 33, 0.00052301095], [12, 35, 0.0006743556], [12, 36, 0.00031737903], [12, 37, 3.3917211e-05], [12, 38, 0.00045080443], [12, 53, 0.0006263103], [12, 59, 0.0014598114], [13, 0, 0.013763688], [13, 1, 0.18950015], [13, 2, 0.0038457144], [13, 3, 0.0086145748], [13, 4, 0.0528038], [13, 5, 0.0035634047], [13, 6, 0.08496289], [13, 7, 0.012487147], [13, 8, 0.0023222477], [13, 9, 0.0025565777], [13, 10, 0.090840381], [13, 11, 0.054244961], [13, 14, 0.0078786299], [13, 15, 0.0037804286], [13, 16, 0.0017192827], [13, 17, 0.027489931], [13, 19, 0.0072130817], [13, 20, 0.0024132874], [13, 23, 0.0080637007], [13, 24, 0.15550787], [13, 26, 0.0055373821], [13, 27, 0.0090708297], [13, 28, 0.21501761], [13, 29, 0.017104118], [13, 30, 0.18522133], [13, 32, 0.01607808], [13, 33, 0.012266289], [13, 35, 0.012832847], [13, 36, 0.01196918], [13, 37, 0.012181799], [13, 38, 0.0083049914], [13, 39, 0.02849856], [13, 40, 0.028763319], [13, 41, 0.00014311116], [13, 42, 0.0023855105], [13, 44, 0.00090944515], [13, 46, 0.00039868499], [13, 47, 0.0014053378], [13, 50, 0.00019780611], [13, 54, 0.0027709064], [13, 55, 0.00049432585], [13, 60, 0.0022157241], [13, 61, 6.8369164e-05], [13, 65, 0.0016347503], [13, 67, 0.0023006154], [13, 68, 0.0053967446], [13, 71, 0.0012632535], [13, 73, 0.0018872059], [13, 74, 0.0020301145], [13, 77, 0.0014155928], [14, 0, 0.019748664], [14, 1, 0.0095467333], [14, 2, 0.016011041], [14, 3, 0.10732289], [14, 4, 0.072184505], [14, 5, 0.13221557], [14, 6, 0.022762142], [14, 7, 0.048520774], [14, 8, 0.0010036965], [14, 9, 0.0078274144], [14, 10, 0.012979855], [14, 11, 0.0029224495], [14, 13, 0.0078786299], [14, 15, 0.0073917579], [14, 16, 0.07017192], [14, 17, 0.011151496], [14, 19, 0.18713861], [14, 20, 0.0033272037], [14, 21, 0.0053329643], [14, 23, 0.11251596], [14, 24, 0.0025601044], [14, 26, 0.0016535633], [14, 27, 0.0061335455], [14, 30, 0.0029793934], [14, 31, 0.00057712793], [14, 32, 0.00079557601], [14, 33, 0.001247693], [14, 35, 0.00084935881], [14, 37, 0.0003015022], [14, 38, 0.0034120434], [14, 39, 0.00073160937], [14, 40, 0.00048930844], [14, 41, 0.00078053099], [14, 44, 0.0088839774], [14, 46, 0.0093849709], [14, 50, 0.00072413562], [14, 54, 0.002258044], [14, 55, 0.016816109], [14, 58, 0.0038171715], [14, 60, 0.035413313], [14, 61, 0.00043704122], [14, 64, 0.012591465], [14, 68, 0.025048211], [14, 79, 0.0015053143], [14, 80, 0.00043833438], [14, 81, 0.00023256503], [15, 0, 0.15751407], [15, 2, 0.18734331], [15, 3, 0.032523716], [15, 4, 0.006625542], [15, 5, 0.0098801854], [15, 6, 0.15319127], [15, 7, 0.0017950821], [15, 8, 0.084269449], [15, 9, 0.14150508], [15, 13, 0.0037804286], [15, 14, 0.0073917579], [15, 16, 0.0028503019], [15, 17, 0.00076498111], [15, 18, 0.069310674], [15, 19, 0.0094297404], [15, 20, 0.23818661], [15, 23, 0.0036477914], [15, 26, 0.002782712], [15, 27, 0.00052188827], [15, 32, 0.00043969888], [15, 33, 0.00054147672], [16, 0, 0.0055117104], [16, 1, 0.0018448482], [16, 2, 0.010484374], [16, 3, 0.027238927], [16, 4, 0.0050430096], [16, 5, 0.20105012], [16, 6, 0.0048667631], [16, 7, 0.011982917], [16, 8, 0.0001965442], [16, 9, 0.0034655757], [16, 11, 0.0027129536], [16, 13, 0.0017192827], [16, 14, 0.07017192], [16, 15, 0.0028503019], [16, 17, 0.0052920576], [16, 19, 0.22985652], [16, 20, 0.0011998597], [16, 23, 0.030656884], [16, 24, 0.00060506847], [16, 26, 0.0047099747], [16, 27, 0.038149851], [16, 38, 0.0018686763], [16, 40, 0.00023142706], [16, 41, 0.0036801621], [16, 44, 0.023876235], [16, 46, 0.065453057], [16, 50, 0.0034341294], [16, 54, 0.0049882747], [16, 55, 0.053767935], [16, 60, 0.14916564], [16, 61, 0.0014692625], [16, 68, 0.14431315], [17, 0, 0.0041301409], [17, 1, 0.011947111], [17, 2, 0.001513651], [17, 3, 0.013574553], [17, 4, 0.01490386], [17, 5, 0.0015206288], [17, 6, 0.0056048516], [17, 7, 0.1654523], [17, 8, 6.8524132e-05], [17, 9, 0.0011508164], [17, 10, 0.23202746], [17, 11, 0.15253549], [17, 12, 0.0003551757], [17, 13, 0.027489931], [17, 14, 0.011151496], [17, 16, 0.0052920576], [17, 18, 0.00091724451], [17, 19, 0.06087811], [17, 20, 0.00033694381], [17, 21, 0.0031988854], [17, 23, 0.17306931], [17, 24, 0.0088107402], [17, 26, 0.002643357], [17, 27, 0.045438797], [17, 28, 0.033211265], [17, 29, 0.0040882635], [17, 30, 0.0079423187], [17, 31, 0.0068075557], [17, 32, 0.0056679854], [17, 33, 0.0026152608], [17, 35, 0.0015498738], [17, 36, 0.0018090702], [17, 37, 0.093212857], [17, 38, 0.09228748], [17, 39, 0.028128331], [17, 40, 0.026522997], [17, 41, 0.00056961899], [17, 44, 0.0029841279], [17, 46, 0.00068986674], [17, 48, 0.0027951562], [17, 50, 0.00035098276], [17, 52, 0.015812232], [17, 54, 0.007428605], [17, 55, 0.0012103437], [17, 58, 0.01947539], [17, 60, 0.017737243], [17, 61, 0.00018747492], [17, 64, 0.012482732], [17, 67, 0.0016294902], [17, 68, 0.051424728], [17, 72, 0.0047596144], [17, 73, 0.00089993835], [17, 74, 0.0015296747], [17, 76, 0.00097496552], [17, 77, 0.0009951997], [17, 78, 0.015947138], [17, 79, 0.018414242], [17, 80, 0.014729619], [17, 81, 0.0072793089], [18, 0, 0.01396319], [18, 1, 0.013537529], [18, 2, 0.039586165], [18, 6, 0.05499156], [18, 7, 0.0019890764], [18, 8, 0.012447905], [18, 9, 0.13881158], [18, 11, 0.00062017844], [18, 12, 0.20709043], [18, 14, 0.0065825235], [18, 16, 0.0024057433], [18, 17, 0.00091724451], [18, 19, 0.0069260303], [18, 20, 0.094878883], [18, 21, 0.12384396], [18, 22, 0.29864351], [18, 23, 0.0033245369], [18, 26, 0.040327466], [18, 27, 0.0027479251], [18, 32, 0.007882811], [18, 33, 0.015384298], [18, 35, 0.014492433], [18, 36, 0.0077332757], [18, 37, 0.00022742324], [18, 38, 0.0015737241], [18, 39, 0.00075057993], [18, 40, 0.00049026402], [18, 53, 0.0014032171], [18, 59, 0.007614849], [18, 62, 0.0071037039], [18, 67, 0.0067199754], [18, 73, 0.00092566244], [18, 74, 0.00308852], [18, 76, 0.0010265963], [18, 77, 0.00076434498], [19, 0, 0.014627309], [19, 1, 0.0070592378], [19, 2, 0.020068453], [19, 3, 0.043231457], [19, 4, 0.047962095], [19, 5, 0.11435198], [19, 6, 0.022559814], [19, 7, 0.059827503], [19, 8, 0.00079835079], [19, 9, 0.0096608809], [19, 10, 0.024139795], [19, 11, 0.015864325], [19, 13, 0.0072130817], [19, 14, 0.18713861], [19, 16, 0.22985652], [19, 17, 0.06087811], [19, 20, 0.0033903988], [19, 21, 0.0059246799], [19, 23, 0.1286468], [19, 26, 0.02778646], [19, 27, 0.12898513], [19, 28, 0.0047268869], [19, 29, 0.0011773348], [19, 31, 0.0020659012], [19, 32, 0.001346454], [19, 33, 0.0085747365], [19, 36, 0.0017129128], [19, 38, 0.079005599], [19, 39, 0.0080268399], [19, 40, 0.0049270471], [19, 41, 0.0022545771], [19, 44, 0.017371753], [19, 46, 0.030792616], [19, 50, 0.0018048775], [19, 52, 0.012866165], [19, 54, 0.0074518489], [19, 55, 0.034024822], [19, 58, 0.027316284], [19, 60, 0.11160795], [19, 61, 0.001055549], [19, 64, 0.04164652], [19, 68, 0.13934663], [19, 72, 0.0025828664], [19, 73, 0.0013925858], [19, 79, 0.025589436], [19, 80, 0.0076301271], [19, 81, 0.0036106927], [20, 0, 0.032222645], [20, 1, 0.0070357492], [20, 2, 0.036567519], [20, 3, 0.0078040787], [20, 4, 0.0028988162], [20, 5, 0.0032624409], [20, 6, 0.13226685], [20, 7, 0.00098210659], [20, 8, 0.078421658], [20, 9, 0.17513431], [20, 11, 0.00027663952], [20, 12, 0.1376633], [20, 13, 0.0024132874], [20, 14, 0.0033272037], [20, 15, 0.23818661], [20, 16, 0.0011998597], [20, 17, 0.00033694381], [20, 18, 0.094878883], [20, 19, 0.0033903988], [20, 21, 0.014499953], [20, 22, 0.037751933], [20, 23, 0.0016580827], [20, 24, 0.00059008798], [20, 26, 0.0038732167], [20, 27, 0.0003365077], [20, 28, 0.00050346691], [20, 30, 0.0011295654], [20, 32, 0.00041465811], [20, 33, 0.0007698838], [20, 34, 0.001189113], [20, 35, 0.00044338556], [20, 36, 0.00019869357], [20, 38, 0.00041943785], [20, 41, 0.00041865338], [20, 42, 0.00014767882], [20, 44, 0.001109637], [20, 46, 0.00058870308], [20, 47, 0.0015456542], [20, 50, 0.0015128451], [20, 54, 3.7039602e-05], [20, 55, 0.00014212782], [20, 60, 0.00052136912], [20, 61, 0.00091308956], [21, 0, 0.0057638793], [21, 1, 0.056566558], [21, 6, 0.10439746], [21, 7, 0.0028067964], [21, 8, 0.0073567306], [21, 9, 0.010757022], [21, 11, 0.0022385044], [21, 12, 0.11419782], [21, 16, 0.0017006021], [21, 17, 0.0031988854], [21, 18, 0.12384396], [21, 19, 0.0059246799], [21, 20, 0.014499953], [21, 22, 0.19748366], [21, 23, 0.0042952212], [21, 26, 0.041466344], [21, 27, 0.0024987916], [21, 32, 0.14671226], [21, 33, 0.053531419], [21, 35, 0.078847568], [21, 36, 0.033235257], [21, 37, 0.00075651244], [21, 38, 0.0023438674], [21, 39, 0.0016645974], [21, 40, 0.0013476758], [21, 62, 0.017380136], [21, 67, 0.014363849], [21, 73, 0.0087592309], [21, 74, 0.0077140115], [21, 76, 0.0048407312], [21, 77, 0.0024999024], [22, 0, 0.015733392], [22, 6, 0.055974478], [22, 8, 0.0071740472], [22, 9, 0.12270112], [22, 18, 0.29864351], [22, 20, 0.037751933], [22, 21, 0.19748366], [22, 26, 0.024599162], [22, 32, 0.0025378394], [22, 33, 0.0043833872], [22, 36, 0.0021744257], [23, 0, 0.0081743851], [23, 1, 0.006948647], [23, 2, 0.0072136558], [23, 3, 0.092208012], [23, 4, 0.06744621], [23, 5, 0.0094723823], [23, 6, 0.014859167], [23, 7, 0.19546719], [23, 8, 0.00049924194], [23, 9, 0.0042004694], [23, 10, 0.039165255], [23, 11, 0.022187913], [23, 13, 0.0080637007], [23, 14, 0.11251596], [23, 16, 0.030656884], [23, 17, 0.17306931], [23, 18, 0.0033245369], [23, 19, 0.1286468], [23, 20, 0.0016580827], [23, 21, 0.0042952212], [23, 24, 0.0035354366], [23, 25, 0.0024611424], [23, 26, 0.002070278], [23, 27, 0.026582797], [23, 28, 0.0050324381], [23, 29, 0.0011666502], [23, 30, 0.0037373463], [23, 32, 0.0012162946], [23, 33, 0.0017331245], [23, 35, 0.0010217784], [23, 36, 0.00099659854], [23, 37, 0.069481934], [23, 38, 0.208563], [23, 39, 0.005892304], [23, 40, 0.007013665], [23, 41, 0.00088109744], [23, 44, 0.0058985258], [23, 46, 0.0023975473], [23, 48, 0.0080505005], [23, 50, 0.00070267377], [23, 52, 0.010689365], [23, 54, 0.0065815943], [23, 55, 0.0096600921], [23, 58, 0.019896484], [23, 60, 0.036941957], [23, 61, 0.00046618362], [23, 64, 0.018354098], [23, 67, 0.0013430928], [23, 68, 0.049548281], [23, 73, 0.00098886956], [23, 74, 0.0014422219], [23, 76, 0.0010258266], [23, 77, 0.00082688225], [23, 78, 0.0086130916], [23, 79, 0.016060936], [23, 80, 0.0075007183], [23, 81, 0.0036970262], [24, 0, 0.0081188417], [24, 1, 0.28512854], [24, 2, 0.0037072981], [24, 3, 0.0065738286], [24, 4, 0.01599199], [24, 5, 0.0015520015], [24, 6, 0.081394055], [24, 7, 0.0056156179], [24, 8, 0.00056951546], [24, 9, 0.0010384027], [24, 11, 0.015516641], [24, 13, 0.15550787], [24, 14, 0.0025601044], [24, 16, 0.00060506847], [24, 17, 0.0088107402], [24, 19, 0.0036455099], [24, 20, 0.00059008798], [24, 23, 0.0035354366], [24, 26, 0.0091744747], [24, 27, 0.0027884981], [24, 28, 0.17227958], [24, 29, 0.011543601], [24, 30, 0.25622044], [24, 32, 0.03934077], [24, 33, 0.018635119], [24, 35, 0.025850957], [24, 36, 0.01668369], [24, 37, 0.0017664363], [24, 38, 0.0019317738], [24, 39, 0.0028488893], [24, 40, 0.0024561078], [24, 41, 0.00015030752], [24, 42, 0.0043823564], [24, 47, 0.002009118], [24, 54, 0.0018238825], [24, 61, 4.0118343e-05], [24, 65, 0.0026588583], [24, 71, 0.001266997], [25, 0, 0.010408293], [25, 1, 0.003644677], [25, 3, 0.01712015], [25, 4, 0.0011006639], [25, 5, 0.0071626535], [25, 6, 0.0067883965], [25, 7, 0.0011649704], [25, 8, 0.0005977149], [25, 9, 0.1400062], [25, 13, 0.0012125791], [25, 14, 0.0029994817], [25, 16, 0.005500366], [25, 17, 0.001694257], [25, 19, 0.02480865], [25, 20, 0.012264978], [25, 23, 0.0024611424], [25, 24, 0.0017013391], [25, 26, 0.22492257], [25, 27, 0.079706763], [25, 30, 0.0012455743], [25, 32, 0.0069089805], [25, 33, 0.045539801], [25, 35, 0.011813843], [25, 36, 0.0063518899], [25, 38, 0.0030321509], [25, 67, 0.070474302], [25, 73, 0.0074286742], [25, 74, 0.015401828], [25, 77, 0.0043867825], [26, 0, 0.0010100507], [26, 1, 0.015763593], [26, 3, 0.0041391084], [26, 4, 0.00093529864], [26, 5, 0.00099253418], [26, 6, 0.006761663], [26, 7, 0.0010597642], [26, 8, 0.00011704085], [26, 9, 0.018330603], [26, 10, 0.0021130118], [26, 11, 0.0025639281], [26, 12, 0.00093887073], [26, 13, 0.0055373821], [26, 14, 0.0016535633], [26, 15, 0.002782712], [26, 16, 0.0047099747], [26, 17, 0.002643357], [26, 18, 0.040327466], [26, 19, 0.02778646], [26, 20, 0.0038732167], [26, 21, 0.041466344], [26, 22, 0.024599162], [26, 23, 0.002070278], [26, 24, 0.0091744747], [26, 25, 0.22492257], [26, 27, 0.14287635], [26, 29, 0.0412214], [26, 30, 0.0060269436], [26, 31, 0.052312158], [26, 32, 0.040317108], [26, 33, 0.30816159], [26, 35, 0.10705442], [26, 36, 0.076131991], [26, 37, 0.0016137407], [26, 38, 0.003238667], [26, 39, 0.040346613], [26, 40, 0.0037005248], [26, 42, 0.0049227216], [26, 47, 0.0034896336], [26, 48, 0.00032277272], [26, 50, 0.0024616188], [26, 52, 0.0018214246], [26, 53, 0.00069781407], [26, 54, 0.0022211351], [26, 58, 0.0014026014], [26, 59, 0.0095465369], [26, 62, 0.01378961], [26, 64, 0.00089165845], [26, 66, 0.049913542], [26, 67, 0.04228918], [26, 68, 0.0063105536], [26, 72, 0.01388873], [26, 73, 0.010838706], [26, 74, 0.029532776], [26, 76, 0.022178644], [26, 77, 0.017324368], [26, 78, 0.0010286765], [26, 79, 0.00078806406], [26, 80, 0.0034145703], [26, 81, 0.00094912488], [27, 0, 0.0009614359], [27, 1, 0.0029341092], [27, 2, 0.001338424], [27, 3, 0.0020746894], [27, 4, 0.0043884597], [27, 5, 0.00063508098], [27, 6, 0.0032247232], [27, 7, 0.0087140168], [27, 8, 1.59265e-05], [27, 9, 0.0018045587], [27, 10, 0.032842448], [27, 11, 0.039658681], [27, 13, 0.0090708297], [27, 14, 0.0061335455], [27, 16, 0.038149851], [27, 17, 0.045438797], [27, 19, 0.12898513], [27, 20, 0.0003365077], [27, 21, 0.0024987916], [27, 23, 0.026582797], [27, 26, 0.14287635], [27, 28, 0.010384029], [27, 29, 0.0061974334], [27, 31, 0.04285475], [27, 32, 0.0017766317], [27, 33, 0.028128367], [27, 35, 0.008310205], [27, 36, 0.0054384521], [27, 37, 0.063464735], [27, 38, 0.052132601], [27, 39, 0.22691698], [27, 40, 0.064302473], [27, 41, 0.0013550755], [27, 44, 0.006107221], [27, 46, 0.0014708728], [27, 48, 0.009546056], [27, 50, 0.001159233], [27, 52, 0.048654997], [27, 54, 0.022479866], [27, 55, 0.0053744599], [27, 58, 0.065393272], [27, 60, 0.085530469], [27, 61, 0.00051555572], [27, 64, 0.034297944], [27, 67, 0.019674215], [27, 68, 0.25111614], [27, 72, 0.057629193], [27, 73, 0.0022716746], [27, 74, 0.0075601818], [27, 76, 0.0030136758], [27, 77, 0.0035729271], [27, 79, 0.069901328], [27, 80, 0.15744346], [27, 81, 0.059415029], [28, 0, 0.0046472118], [28, 1, 0.062104515], [28, 3, 0.0071018271], [28, 4, 0.015058275], [28, 5, 0.0019721727], [28, 6, 0.015429826], [28, 7, 0.0052910947], [28, 8, 0.00025909862], [28, 9, 0.0017366429], [28, 10, 0.057831962], [28, 11, 0.14471708], [28, 13, 0.21501761], [28, 14, 0.002517417], [28, 17, 0.033211265], [28, 20, 0.00050346691], [28, 23, 0.0050324381], [28, 24, 0.17227958], [28, 26, 0.014859288], [28, 27, 0.010384029], [28, 29, 0.16902638], [28, 31, 0.18240397], [28, 32, 0.16503923], [28, 33, 0.035243434], [28, 35, 0.083921984], [28, 36, 0.04664402], [28, 37, 0.013492254], [28, 38, 0.0077748693], [28, 39, 0.027840951], [28, 40, 0.027282052], [28, 42, 0.0064960516], [28, 54, 0.004967654], [28, 65, 0.006909706], [28, 69, 0.019756033], [28, 70, 0.0049089159], [28, 71, 0.0024845456], [28, 73, 0.0060393106], [29, 3, 0.0015503016], [29, 4, 0.0011306841], [29, 5, 0.00032548222], [29, 7, 0.0009575808], [29, 9, 0.00088332187], [29, 10, 0.011038191], [29, 11, 0.066589398], [29, 13, 0.017104118], [29, 14, 0.00042883349], [29, 17, 0.0040882635], [29, 23, 0.0011666502], [29, 24, 0.011543601], [29, 26, 0.0412214], [29, 28, 0.16902638], [29, 31, 0.2917824], [29, 32, 0.038007885], [29, 33, 0.091221078], [29, 35, 0.10962092], [29, 36, 0.10772752], [29, 37, 0.0038998459], [29, 38, 0.0017254386], [29, 39, 0.03176398], [29, 40, 0.0126197], [29, 69, 0.0065073318], [29, 70, 0.0040335463], [29, 72, 0.0072003925], [29, 73, 0.0015639484], [30, 0, 0.0092596767], [30, 1, 0.28339984], [30, 3, 0.0067293046], [30, 4, 0.022304724], [30, 5, 0.0017172333], [30, 6, 0.072736271], [30, 7, 0.0052224081], [30, 11, 0.021580752], [30, 13, 0.18522133], [30, 14, 0.0029793934], [30, 16, 0.00072568685], [30, 17, 0.0079423187], [30, 19, 0.0038040047], [30, 20, 0.0011295654], [30, 23, 0.0037373463], [30, 24, 0.25622044], [30, 27, 0.0028047], [30, 32, 0.02194454], [30, 37, 0.002326318], [30, 38, 0.0022724211], [30, 42, 0.0031127198], [30, 47, 0.0023159311], [30, 54, 0.0015757814], [30, 65, 0.0012546409], [30, 71, 0.0010206921], [31, 3, 0.0014964264], [31, 4, 0.0022117555], [31, 5, 0.00071482376], [31, 7, 0.0011084974], [31, 9, 0.00081288256], [31, 11, 0.095715642], [31, 13, 0.026112872], [31, 14, 0.00057712793], [31, 17, 0.0068075557], [31, 19, 0.0020659012], [31, 23, 0.0018612961], [31, 24, 0.0057719609], [31, 26, 0.052312158], [31, 27, 0.04285475], [31, 28, 0.18240397], [31, 29, 0.2917824], [31, 32, 0.022714868], [31, 33, 0.031781666], [31, 35, 0.050560815], [31, 36, 0.039089508], [31, 37, 0.024440492], [31, 38, 0.004260899], [31, 39, 0.13619271], [31, 40, 0.077035059], [31, 58, 0.0026320861], [31, 67, 0.021532396], [31, 68, 0.0084904734], [31, 69, 0.011862513], [31, 70, 0.012742699], [31, 72, 0.08640296], [31, 73, 0.0011316996], [31, 74, 0.00648337], [31, 76, 0.0030844844], [31, 77, 0.0046085268], [31, 80, 0.043397901], [31, 81, 0.0099703905], [32, 0, 0.0011417404], [32, 1, 0.096617106], [32, 3, 0.003775647], [32, 4, 0.0014948144], [32, 5, 0.0007756269], [32, 6, 0.01197002], [32, 7, 0.00095484655], [32, 8, 0.00010336344], [32, 9, 0.0018302444], [32, 10, 0.0067275196], [32, 11, 0.013514879], [32, 12, 0.00063419303], [32, 13, 0.01607808], [32, 14, 0.00079557601], [32, 15, 0.00043969888], [32, 16, 0.00048741726], [32, 17, 0.0056679854], [32, 18, 0.007882811], [32, 19, 0.001346454], [32, 20, 0.00041465811], [32, 21, 0.14671226], [32, 22, 0.0025378394], [32, 23, 0.0012162946], [32, 24, 0.03934077], [32, 25, 0.0069089805], [32, 26, 0.040317108], [32, 27, 0.0017766317], [32, 28, 0.16503923], [32, 29, 0.038007885], [32, 30, 0.02194454], [32, 31, 0.022714868], [32, 33, 0.061933798], [32, 35, 0.20599372], [32, 36, 0.052517376], [32, 37, 0.0011223844], [32, 38, 0.00098965788], [32, 39, 0.0016827219], [32, 40, 0.0010811699], [32, 42, 0.0098576223], [32, 44, 0.0020126707], [32, 45, 0.0010089927], [32, 47, 0.0074130683], [32, 48, 0.00025517717], [32, 50, 0.0010696905], [32, 52, 0.00087842759], [32, 53, 0.00074216361], [32, 54, 0.001541042], [32, 58, 0.00060664067], [32, 59, 0.0017676719], [32, 62, 0.0097897683], [32, 64, 0.00054000644], [32, 65, 0.0037438234], [32, 66, 0.014078454], [32, 67, 0.0077850185], [32, 68, 0.0019398484], [32, 69, 0.0040538579], [32, 70, 0.0011664402], [32, 71, 0.0024054244], [32, 73, 0.01067097], [32, 74, 0.009801872], [32, 76, 0.010378568], [32, 77, 0.0065169136], [32, 78, 0.00039379833], [32, 79, 0.00041668028], [32, 81, 0.00029383262], [33, 0, 0.0013545526], [33, 1, 0.025936823], [33, 3, 0.0072842055], [33, 4, 0.0017047049], [33, 5, 0.0012691691], [33, 6, 0.01115043], [33, 7, 0.0011526315], [33, 8, 6.0118104e-05], [33, 9, 0.0051723761], [33, 11, 0.0037080469], [33, 13, 0.012266289], [33, 15, 0.00054147672], [33, 17, 0.0026152608], [33, 18, 0.015384298], [33, 19, 0.0085747365], [33, 20, 0.0007698838], [33, 21, 0.053531419], [33, 22, 0.0043833872], [33, 23, 0.0017331245], [33, 24, 0.018635119], [33, 25, 0.045539801], [33, 26, 0.30816159], [33, 27, 0.028128367], [33, 29, 0.091221078], [33, 30, 0.011722472], [33, 32, 0.061933798], [33, 35, 0.3124998], [33, 36, 0.27553535], [33, 37, 0.0013529526], [33, 38, 0.0015262004], [33, 39, 0.039430138], [33, 40, 0.0049805037], [33, 42, 0.006449627], [33, 47, 0.0039565458], [33, 48, 0.00027861369], [33, 50, 0.0011885096], [33, 52, 0.0014047672], [33, 54, 0.0017554594], [33, 58, 0.0010806716], [33, 59, 0.0042965295], [33, 62, 0.011294321], [33, 64, 0.00079583809], [33, 66, 0.02428359], [33, 67, 0.020958043], [33, 68, 0.0038654413], [33, 73, 0.011825752], [33, 74, 0.027329201], [33, 76, 0.024983823], [33, 77, 0.018767919], [33, 78, 0.00065462829], [33, 79, 0.00053232363], [34, 0, 0.0042139991], [34, 1, 0.0052649299], [34, 3, 0.010922985], [34, 5, 0.0012814247], [34, 7, 0.044415658], [34, 9, 0.0042124413], [34, 14, 0.088621119], [34, 16, 0.014733947], [34, 17, 0.10861095], [34, 19, 0.27631454], [34, 20, 0.001189113], [34, 23, 0.19631236], [34, 26, 0.0098516808], [34, 27, 0.10387518], [34, 38, 0.31279742], [34, 39, 0.050991103], [34, 40, 0.028128326], [34, 58, 0.038042749], [34, 80, 0.014839639], [34, 81, 0.0077097192], [35, 0, 0.00099831739], [35, 1, 0.04585098], [35, 3, 0.0054310779], [35, 4, 0.0012286309], [35, 5, 0.0008433646], [35, 6, 0.0087660843], [35, 7, 0.00061660416], [35, 8, 7.0587146e-05], [35, 9, 0.0035853564], [35, 11, 0.0032151268], [35, 12, 0.0006743556], [35, 13, 0.012832847], [35, 14, 0.00084935881], [35, 17, 0.0015498738], [35, 18, 0.014492433], [35, 20, 0.00044338556], [35, 21, 0.078847568], [35, 22, 0.0044051344], [35, 23, 0.0010217784], [35, 25, 0.011813843], [35, 26, 0.10705442], [35, 27, 0.008310205], [35, 28, 0.083921984], [35, 29, 0.10962092], [35, 31, 0.050560815], [35, 32, 0.20599372], [35, 33, 0.3124998], [35, 36, 0.29624909], [35, 37, 0.00079935346], [35, 38, 0.00090769109], [35, 39, 0.013927178], [35, 40, 0.0027026355], [35, 42, 0.0062371776], [35, 44, 0.0011500736], [35, 45, 0.00059582952], [35, 47, 0.0033292986], [35, 48, 0.00015115281], [35, 52, 0.0006844992], [35, 53, 0.00040623317], [35, 54, 0.0010696813], [35, 58, 0.00056995538], [35, 59, 0.0016822364], [35, 62, 0.0057755198], [35, 65, 0.0035139802], [35, 66, 0.014057139], [35, 67, 0.01126311], [35, 68, 0.0017817116], [35, 71, 0.0015960327], [35, 73, 0.010741412], [35, 74, 0.017698752], [35, 76, 0.017572003], [35, 77, 0.012746027], [35, 78, 0.00029868642], [35, 79, 0.00032747354], [35, 81, 0.00028064642], [36, 0, 0.0010650587], [36, 1, 0.017860903], [36, 3, 0.0051841569], [36, 4, 0.0013992931], [36, 6, 0.0054357598], [36, 7, 0.0008227831], [36, 8, 3.4011433e-05], [36, 9, 0.0026453828], [36, 11, 0.0032240959], [36, 12, 0.00031737903], [36, 13, 0.01196918], [36, 14, 0.0007732677], [36, 15, 0.00037134557], [36, 16, 0.00039789445], [36, 17, 0.0018090702], [36, 18, 0.0077332757], [36, 19, 0.0017129128], [36, 20, 0.00019869357], [36, 21, 0.033235257], [36, 22, 0.0021744257], [36, 23, 0.00099659854], [36, 25, 0.0063518899], [36, 26, 0.076131991], [36, 27, 0.0054384521], [36, 29, 0.10772752], [36, 31, 0.039089508], [36, 32, 0.052517376], [36, 33, 0.27553535], [36, 35, 0.29624909], [36, 37, 0.0009352981], [36, 38, 0.00084495612], [36, 39, 0.021133417], [36, 40, 0.0038173117], [36, 42, 0.00466221], [36, 47, 0.0019762598], [36, 48, 0.00016732638], [36, 50, 0.00049362117], [36, 52, 0.00076851822], [36, 53, 0.00018094707], [36, 54, 0.00093138387], [36, 58, 0.00057598325], [36, 59, 0.0011683649], [36, 62, 0.0037343051], [36, 64, 0.0004610962], [36, 66, 0.0084652238], [36, 67, 0.010435471], [36, 68, 0.0018885186], [36, 73, 0.0064522971], [36, 74, 0.017186824], [36, 76, 0.017075314], [36, 77, 0.013965113], [36, 78, 0.00036032346], [36, 79, 0.00030273436], [37, 0, 0.0008922986], [37, 1, 0.0039729376], [37, 2, 0.00038089729], [37, 3, 0.00074316872], [37, 5, 0.00023372272], [37, 6, 0.001577064], [37, 7, 0.0020602484], [37, 8, 2.1744502e-05], [37, 9, 0.00027305373], [37, 11, 0.12396043], [37, 13, 0.012181799], [37, 14, 0.0003015022], [37, 17, 0.093212857], [37, 18, 0.00022742324], [37, 20, 1.283473e-05], [37, 21, 0.00075651244], [37, 23, 0.069481934], [37, 24, 0.0017664363], [37, 26, 0.0016137407], [37, 30, 0.002326318], [37, 31, 0.024440492], [37, 32, 0.0011223844], [37, 33, 0.0013529526], [37, 35, 0.00079935346], [37, 36, 0.0009352981], [37, 38, 0.13209456], [37, 39, 0.06818873], [37, 40, 0.14566341], [37, 58, 0.012406171], [37, 64, 0.0038812846], [37, 67, 0.0013486548], [37, 73, 0.00050927345], [37, 74, 0.00098745643], [37, 76, 0.00055347283], [37, 77, 0.00050113769], [37, 79, 0.0097982993], [37, 80, 0.031519249], [37, 81, 0.01632703], [38, 0, 0.002078777], [38, 1, 0.0036434626], [38, 2, 0.002672937], [38, 3, 0.0029518878], [38, 4, 0.0071136271], [38, 5, 0.00033327524], [38, 6, 0.0058272098], [38, 7, 0.018654797], [38, 8, 6.7773896e-05], [38, 9, 0.002236581], [38, 10, 0.029431823], [38, 11, 0.036411458], [38, 13, 0.0083049914], [38, 14, 0.0034120434], [38, 16, 0.0018686763], [38, 17, 0.09228748], [38, 18, 0.0015737241], [38, 19, 0.079005599], [38, 20, 0.00041943785], [38, 21, 0.0023438674], [38, 23, 0.208563], [38, 24, 0.0019317738], [38, 25, 0.0030321509], [38, 26, 0.003238667], [38, 27, 0.052132601], [38, 29, 0.0017254386], [38, 30, 0.0022724211], [38, 31, 0.004260899], [38, 32, 0.00098965788], [38, 33, 0.0015262004], [38, 34, 0.31279742], [38, 35, 0.00090769109], [38, 36, 0.00084495612], [38, 37, 0.13209456], [38, 39, 0.024672734], [38, 40, 0.044382254], [38, 41, 0.0007076537], [38, 44, 0.0029487057], [38, 46, 0.00071364192], [38, 48, 0.0021146117], [38, 50, 0.00043095792], [38, 52, 0.016808993], [38, 54, 0.0088971762], [38, 55, 0.00061441926], [38, 58, 0.026220067], [38, 60, 0.017827407], [38, 61, 0.00023624243], [38, 64, 0.011335445], [38, 67, 0.0010438533], [38, 68, 0.053583013], [38, 73, 0.00085114565], [38, 74, 0.00090623093], [38, 76, 0.00076897684], [38, 77, 0.00057826679], [38, 78, 0.018721674], [38, 79, 0.01737493], [38, 80, 0.0097797861], [38, 81, 0.005090028], [39, 7, 0.003145522], [39, 9, 0.00066796201], [39, 11, 0.065609729], [39, 14, 0.00073160937], [39, 17, 0.028128331], [39, 18, 0.00075057993], [39, 19, 0.0080268399], [39, 21, 0.0016645974], [39, 23, 0.005892304], [39, 26, 0.040346613], [39, 27, 0.22691698], [39, 28, 0.027840951], [39, 29, 0.03176398], [39, 31, 0.13619271], [39, 32, 0.0016827219], [39, 33, 0.039430138], [39, 35, 0.013927178], [39, 36, 0.021133417], [39, 37, 0.06818873], [39, 38, 0.024672734], [39, 40, 0.21061568], [39, 48, 0.0010679902], [39, 52, 0.024277415], [39, 55, 0.00034479203], [39, 58, 0.010384687], [39, 64, 0.002735336], [39, 67, 0.010455142], [39, 68, 0.04115